0 0 2.05954e+08
0 0 8201
0 0 8201
0 0 29639
0 0 0.99956
0 0 0.00022
0 0 0.00022
0 0 8201
0 7 2.05927e+08
0 7 17948.1
0 7 15257.7
0 7 39678.5
0 7 0.999733
0 7 7.97955e-05
0 7 0.000187321
0 7 25297.2
0 14 2.05907e+08
0 14 17069.6
0 14 20358.5
0 14 55882.8
0 14 0.999804
0 14 5.95593e-05
0 14 0.000136027
0 14 46602.4
0 21 2.05891e+08
0 21 13897.9
0 21 20397.7
0 21 74220
0 21 0.999836
0 21 5.848e-05
0 21 0.000105501
0 21 64978.6
0 28 2.05879e+08
0 28 11300.1
0 28 18117.9
0 28 91360.1
0 28 0.999857
0 28 5.48142e-05
0 28 8.81453e-05
0 28 79839
0 35 2.05869e+08
0 35 9469.7
0 35 15497.9
0 35 106241
0 35 0.999876
0 35 4.84374e-05
0 35 7.58989e-05
0 35 92099.8
0 42 2.0586e+08
0 42 8091.17
0 42 13199.8
0 42 118925
0 42 0.999893
0 42 4.16962e-05
0 42 6.55908e-05
0 42 102486
0 49 2.05852e+08
0 49 6955.96
0 49 11285.6
0 49 129747
0 49 0.999908
0 49 3.5678e-05
0 49 5.65041e-05
0 49 111394
0 56 2.05845e+08
0 56 5981.59
0 56 9678.44
0 56 139015
0 56 0.999921
0 56 3.05552e-05
0 56 4.85547e-05
0 56 119055
0 63 2.0584e+08
0 63 5139.11
0 63 8309.63
0 63 146969
0 63 0.999932
0 63 2.62088e-05
0 63 4.16842e-05
0 63 125639
0 70 2.05835e+08
0 70 4412.71
0 70 7135.55
0 70 153799
0 70 0.999942
0 70 2.24983e-05
0 70 3.57807e-05
0 70 131295
0 77 2.0583e+08
0 77 3788.25
0 77 6126.73
0 77 159663
0 77 0.99995
0 77 1.93169e-05
0 77 3.07156e-05
0 77 136151
0 84 2.05827e+08
0 84 3252.1
0 84 5260.06
0 84 164698
0 84 0.999957
0 84 1.65852e-05
0 84 2.63693e-05
0 84 140319
0 91 2.05824e+08
0 91 2791.89
0 91 4515.82
0 91 169021
0 91 0.999963
0 91 1.42391e-05
0 91 2.26386e-05
0 91 143897
0 98 2.05821e+08
0 98 2396.85
0 98 3876.85
0 98 172732
0 98 0.999968
0 98 1.22245e-05
0 98 1.94358e-05
0 98 146970
0 105 2.05819e+08
0 105 2057.72
0 105 3328.3
0 105 175918
0 105 0.999973
0 105 1.04949e-05
0 105 1.66861e-05
0 105 149607
0 112 2.05817e+08
0 112 1766.57
0 112 2857.38
0 112 178653
0 112 0.999977
0 112 9.01e-06
0 112 1.43253e-05
0 112 151871
0 119 2.05815e+08
0 119 1516.62
0 119 2453.08
0 119 181001
0 119 0.99998
0 119 7.73519e-06
0 119 1.22985e-05
0 119 153815
0 126 2.05814e+08
0 126 1302.03
0 126 2105.99
0 126 183017
0 126 0.999983
0 126 6.64075e-06
0 126 1.05584e-05
0 126 155484
0 133 2.05812e+08
0 133 1117.8
0 133 1808.01
0 133 184748
0 133 0.999985
0 133 5.70116e-06
0 133 9.06453e-06
0 133 156917
0 140 2.05811e+08
0 140 959.643
0 140 1552.19
0 140 186234
0 140 0.999987
0 140 4.8945e-06
0 140 7.78201e-06
0 140 158147
0 147 2.0581e+08
0 147 823.861
0 147 1332.57
0 147 187509
0 147 0.999989
0 147 4.20198e-06
0 147 6.68094e-06
0 147 159203
0 154 2.0581e+08
0 154 707.291
0 154 1144.02
0 154 188604
0 154 0.999991
0 154 3.60744e-06
0 154 5.73566e-06
0 154 160109
0 161 2.05809e+08
0 161 607.214
0 161 982.151
0 161 189544
0 161 0.999992
0 161 3.09702e-06
0 161 4.92412e-06
0 161 160888
0 168 2.05808e+08
0 168 521.298
0 168 843.184
0 168 190352
0 168 0.999993
0 168 2.65882e-06
0 168 4.22741e-06
0 168 161556
0 175 2.05808e+08
0 175 447.538
0 175 723.88
0 175 191044
0 175 0.999994
0 175 2.28262e-06
0 175 3.62927e-06
0 175 162129
0 182 2.05807e+08
0 182 384.215
0 182 621.456
0 182 191639
0 182 0.999995
0 182 1.95964e-06
0 182 3.11576e-06
0 182 162622
0 189 2.05807e+08
0 189 329.851
0 189 533.524
0 189 192150
0 189 0.999996
0 189 1.68237e-06
0 189 2.6749e-06
0 189 163045
0 196 2.05807e+08
0 196 283.179
0 196 458.035
0 196 192588
0 196 0.999996
0 196 1.44433e-06
0 196 2.29643e-06
0 196 163408
0 203 2.05806e+08
0 203 243.111
0 203 393.226
0 203 192965
0 203 0.999997
0 203 1.23997e-06
0 203 1.9715e-06
0 203 163719
0 210 2.05806e+08
0 210 208.713
0 210 337.587
0 210 193288
0 210 0.999997
0 210 1.06452e-06
0 210 1.69255e-06
0 210 163987
0 217 2.05806e+08
0 217 179.181
0 217 289.821
0 217 193565
0 217 0.999998
0 217 9.13899e-07
0 217 1.45307e-06
0 217 164216
0 224 2.05806e+08
0 224 153.828
0 224 248.813
0 224 193804
0 224 0.999998
0 224 7.84588e-07
0 224 1.24747e-06
0 224 164413
0 231 2.05806e+08
0 231 132.063
0 231 213.608
0 231 194008
0 231 0.999998
0 231 6.73575e-07
0 231 1.07096e-06
0 231 164583
0 238 2.05806e+08
0 238 113.377
0 238 183.384
0 238 194184
0 238 0.999999
0 238 5.78269e-07
0 238 9.19427e-07
0 238 164728
0 245 2.05805e+08
0 245 97.3347
0 245 157.436
0 245 194334
0 245 0.999999
0 245 4.96448e-07
0 245 7.89335e-07
0 245 164853
0 252 2.05805e+08
0 252 83.5625
0 252 135.16
0 252 194464
0 252 0.999999
0 252 4.26204e-07
0 252 6.7765e-07
0 252 164960
0 259 2.05805e+08
0 259 71.7389
0 259 116.036
0 259 194575
0 259 0.999999
0 259 3.65899e-07
0 259 5.81767e-07
0 259 165052
0 266 2.05805e+08
0 266 61.5884
0 266 99.6175
0 266 194670
0 266 0.999999
0 266 3.14127e-07
0 266 4.99451e-07
0 266 165131
0 273 2.05805e+08
0 273 52.874
0 273 85.5223
0 273 194752
0 273 0.999999
0 273 2.6968e-07
0 273 4.28782e-07
0 273 165199
0 280 2.05805e+08
0 280 45.3927
0 280 73.4214
0 280 194822
0 280 0.999999
0 280 2.31522e-07
0 280 3.68112e-07
0 280 165257
0 287 2.05805e+08
0 287 38.9699
0 287 63.0328
0 287 194883
0 287 0.999999
0 287 1.98763e-07
0 287 3.16027e-07
0 287 165307
0 294 2.05805e+08
0 294 33.4559
0 294 54.1141
0 294 194934
0 294 1
0 294 1.7064e-07
0 294 2.71311e-07
0 294 165350
0 301 2.05805e+08
0 301 28.7221
0 301 46.4573
0 301 194979
0 301 1
0 301 1.46495e-07
0 301 2.32923e-07
0 301 165386
0 308 2.05805e+08
0 308 24.6582
0 308 39.8839
0 308 195017
0 308 1
0 308 1.25767e-07
0 308 1.99966e-07
0 308 165418
0 315 2.05805e+08
0 315 21.1692
0 315 34.2406
0 315 195050
0 315 1
0 315 1.07972e-07
0 315 1.71672e-07
0 315 165445
0 322 2.05805e+08
0 322 18.1739
0 322 29.3958
0 322 195078
0 322 1
0 322 9.26946e-08
0 322 1.47381e-07
0 322 165468
0 329 2.05805e+08
0 329 15.6024
0 329 25.2365
0 329 195102
0 329 1
0 329 7.95789e-08
0 329 1.26528e-07
0 329 165488
0 336 2.2146e-52
0 336 13.3948
0 336 21.6657
0 336 195123
0 336 1
0 336 6.8319e-08
0 336 1.08625e-07
0 336 165506
0 343 2.05805e+08
0 343 11.4995
0 343 18.6001
0 343 195141
0 343 1
0 343 5.86523e-08
0 343 9.32553e-08
0 343 165520
0 350 2.05805e+08
0 350 9.87239
0 350 15.9683
0 350 195156
0 350 1
0 350 5.03534e-08
0 350 8.00603e-08
0 350 165533
0 357 2.05805e+08
0 357 8.47551
0 357 13.7089
0 357 195169
0 357 1
0 357 4.32287e-08
0 357 6.87323e-08
0 357 165544
