0 7 2.05954e+08
0 7 8201
0 7 8201
0 7 29639
0 7 0.99956
0 7 0.00022
0 7 0.00022
0 7 8201
0 14 2.05927e+08
0 14 17948.1
0 14 15257.7
0 14 39678.5
0 14 0.999733
0 14 7.97955e-05
0 14 0.000187321
0 14 25297.2
0 21 2.05907e+08
0 21 17069.6
0 21 20358.5
0 21 55882.8
0 21 0.999804
0 21 5.95593e-05
0 21 0.000136027
0 21 46602.4
0 28 2.05891e+08
0 28 13897.9
0 28 20397.7
0 28 74220
0 28 0.999836
0 28 5.848e-05
0 28 0.000105501
0 28 64978.6
0 35 2.05879e+08
0 35 11300.1
0 35 18117.9
0 35 91360.1
0 35 0.999857
0 35 5.48142e-05
0 35 8.81453e-05
0 35 79839
0 42 2.05869e+08
0 42 9469.7
0 42 15497.9
0 42 106241
0 42 0.999876
0 42 4.84374e-05
0 42 7.58989e-05
0 42 92099.8
0 49 2.0586e+08
0 49 8091.17
0 49 13199.8
0 49 118925
0 49 0.999893
0 49 4.16962e-05
0 49 6.55908e-05
0 49 102486
0 56 2.05852e+08
0 56 6955.96
0 56 11285.6
0 56 129747
0 56 0.999908
0 56 3.5678e-05
0 56 5.65041e-05
0 56 111394
0 63 2.05845e+08
0 63 5981.59
0 63 9678.44
0 63 139015
0 63 0.999921
0 63 3.05552e-05
0 63 4.85547e-05
0 63 119055
0 70 2.0584e+08
0 70 5139.11
0 70 8309.63
0 70 146969
0 70 0.999932
0 70 2.62088e-05
0 70 4.16842e-05
0 70 125639
0 77 2.05835e+08
0 77 4412.71
0 77 7135.55
0 77 153799
0 77 0.999942
0 77 2.24983e-05
0 77 3.57807e-05
0 77 131295
0 84 2.0583e+08
0 84 3788.25
0 84 6126.73
0 84 159663
0 84 0.99995
0 84 1.93169e-05
0 84 3.07156e-05
0 84 136151
0 91 2.05827e+08
0 91 3252.1
0 91 5260.06
0 91 164698
0 91 0.999957
0 91 1.65852e-05
0 91 2.63693e-05
0 91 140319
0 98 2.05824e+08
0 98 2791.89
0 98 4515.82
0 98 169021
0 98 0.999963
0 98 1.42391e-05
0 98 2.26386e-05
0 98 143897
0 105 2.05821e+08
0 105 2396.85
0 105 3876.85
0 105 172732
0 105 0.999968
0 105 1.22245e-05
0 105 1.94358e-05
0 105 146970
0 112 2.05819e+08
0 112 2057.72
0 112 3328.3
0 112 175918
0 112 0.999973
0 112 1.04949e-05
0 112 1.66861e-05
0 112 149607
0 119 2.05817e+08
0 119 1766.57
0 119 2857.38
0 119 178653
0 119 0.999977
0 119 9.01e-06
0 119 1.43253e-05
0 119 151871
0 126 2.05815e+08
0 126 1516.62
0 126 2453.08
0 126 181001
0 126 0.99998
0 126 7.73519e-06
0 126 1.22985e-05
0 126 153815
0 133 2.05814e+08
0 133 1302.03
0 133 2105.99
0 133 183017
0 133 0.999983
0 133 6.64075e-06
0 133 1.05584e-05
0 133 155484
0 140 2.05812e+08
0 140 1117.8
0 140 1808.01
0 140 184748
0 140 0.999985
0 140 5.70116e-06
0 140 9.06453e-06
0 140 156917
0 147 2.05811e+08
0 147 959.643
0 147 1552.19
0 147 186234
0 147 0.999987
0 147 4.8945e-06
0 147 7.78201e-06
0 147 158147
0 154 2.0581e+08
0 154 823.861
0 154 1332.57
0 154 187509
0 154 0.999989
0 154 4.20198e-06
0 154 6.68094e-06
0 154 159203
0 161 2.0581e+08
0 161 707.291
0 161 1144.02
0 161 188604
0 161 0.999991
0 161 3.60744e-06
0 161 5.73566e-06
0 161 160109
0 168 2.05809e+08
0 168 607.214
0 168 982.151
0 168 189544
0 168 0.999992
0 168 3.09702e-06
0 168 4.92412e-06
0 168 160888
0 175 2.05808e+08
0 175 521.298
0 175 843.184
0 175 190352
0 175 0.999993
0 175 2.65882e-06
0 175 4.22741e-06
0 175 161556
0 182 2.05808e+08
0 182 447.538
0 182 723.88
0 182 191044
0 182 0.999994
0 182 2.28262e-06
0 182 3.62927e-06
0 182 162129
0 189 2.05807e+08
0 189 384.215
0 189 621.456
0 189 191639
0 189 0.999995
0 189 1.95964e-06
0 189 3.11576e-06
0 189 162622
0 196 2.05807e+08
0 196 329.851
0 196 533.524
0 196 192150
0 196 0.999996
0 196 1.68237e-06
0 196 2.6749e-06
0 196 163045
0 203 2.05807e+08
0 203 283.179
0 203 458.035
0 203 192588
0 203 0.999996
0 203 1.44433e-06
0 203 2.29643e-06
0 203 163408
0 210 2.05806e+08
0 210 243.111
0 210 393.226
0 210 192965
0 210 0.999997
0 210 1.23997e-06
0 210 1.9715e-06
0 210 163719
0 217 2.05806e+08
0 217 208.713
0 217 337.587
0 217 193288
0 217 0.999997
0 217 1.06452e-06
0 217 1.69255e-06
0 217 163987
0 224 2.05806e+08
0 224 179.181
0 224 289.821
0 224 193565
0 224 0.999998
0 224 9.13899e-07
0 224 1.45307e-06
0 224 164216
0 231 2.05806e+08
0 231 153.828
0 231 248.813
0 231 193804
0 231 0.999998
0 231 7.84588e-07
0 231 1.24747e-06
0 231 164413
0 238 2.05806e+08
0 238 132.063
0 238 213.608
0 238 194008
0 238 0.999998
0 238 6.73575e-07
0 238 1.07096e-06
0 238 164583
0 245 2.05806e+08
0 245 113.377
0 245 183.384
0 245 194184
0 245 0.999999
0 245 5.78269e-07
0 245 9.19427e-07
0 245 164728
0 252 2.05805e+08
0 252 97.3347
0 252 157.436
0 252 194334
0 252 0.999999
0 252 4.96448e-07
0 252 7.89335e-07
0 252 164853
0 259 2.05805e+08
0 259 83.5625
0 259 135.16
0 259 194464
0 259 0.999999
0 259 4.26204e-07
0 259 6.7765e-07
0 259 164960
0 266 2.05805e+08
0 266 71.7389
0 266 116.036
0 266 194575
0 266 0.999999
0 266 3.65899e-07
0 266 5.81767e-07
0 266 165052
0 273 2.05805e+08
0 273 61.5884
0 273 99.6175
0 273 194670
0 273 0.999999
0 273 3.14127e-07
0 273 4.99451e-07
0 273 165131
0 280 2.05805e+08
0 280 52.874
0 280 85.5223
0 280 194752
0 280 0.999999
0 280 2.6968e-07
0 280 4.28782e-07
0 280 165199
0 287 2.05805e+08
0 287 45.3927
0 287 73.4214
0 287 194822
0 287 0.999999
0 287 2.31522e-07
0 287 3.68112e-07
0 287 165257
0 294 2.05805e+08
0 294 38.9699
0 294 63.0328
0 294 194883
0 294 0.999999
0 294 1.98763e-07
0 294 3.16027e-07
0 294 165307
0 301 2.05805e+08
0 301 33.4559
0 301 54.1141
0 301 194934
0 301 1
0 301 1.7064e-07
0 301 2.71311e-07
0 301 165350
0 308 2.05805e+08
0 308 28.7221
0 308 46.4573
0 308 194979
0 308 1
0 308 1.46495e-07
0 308 2.32923e-07
0 308 165386
0 315 2.05805e+08
0 315 24.6582
0 315 39.8839
0 315 195017
0 315 1
0 315 1.25767e-07
0 315 1.99966e-07
0 315 165418
0 322 2.05805e+08
0 322 21.1692
0 322 34.2406
0 322 195050
0 322 1
0 322 1.07972e-07
0 322 1.71672e-07
0 322 165445
0 329 2.05805e+08
0 329 18.1739
0 329 29.3958
0 329 195078
0 329 1
0 329 9.26946e-08
0 329 1.47381e-07
0 329 165468
0 336 2.05805e+08
0 336 15.6024
0 336 25.2365
0 336 195102
0 336 1
0 336 7.95789e-08
0 336 1.26528e-07
0 336 165488
0 343 2.05805e+08
0 343 13.3948
0 343 21.6657
0 343 195123
0 343 1
0 343 6.8319e-08
0 343 1.08625e-07
0 343 165506
0 350 2.05805e+08
0 350 11.4995
0 350 18.6001
0 350 195141
0 350 1
0 350 5.86523e-08
0 350 9.32553e-08
0 350 165520
0 357 2.05805e+08
0 357 9.87239
0 357 15.9683
0 357 195156
0 357 1
0 357 5.03534e-08
0 357 8.00603e-08
0 357 165533
0 364 2.05805e+08
0 364 8.47551
0 364 13.7089
0 364 195169
0 364 1
0 364 4.32287e-08
0 364 6.87323e-08
0 364 165544
